0 0.224777 0.313056 0.227003 0.255193
0 0.495549 0.309347 0.350148 0.428783
0 0.569733 0.847181 0.370920 0.222552
1 0.236647 0.466617 0.081602 0.090504
1 0.288576 0.531899 0.069733 0.090504
1 0.344214 0.523739 0.077151 0.068249
1 0.302671 0.390208 0.047478 0.041543
1 0.306380 0.361276 0.054896 0.043027
3 0.422107 0.704006 0.158754 0.179525
3 0.662463 0.759644 0.170623 0.148368
3 0.512611 0.601632 0.135015 0.155786
3 0.638724 0.505193 0.132047 0.111276
3 0.602374 0.618694 0.172107 0.166172
4 0.808605 0.764095 0.112760 0.109792