0 0.184461 0.184713 0.133865 0.078981
0 0.728526 0.217834 0.097530 0.086624
0 0.909244 0.391083 0.156813 0.058599
0 0.163425 0.311465 0.137690 0.077707
0 0.109879 0.436943 0.149164 0.071338
0 0.582231 0.563694 0.107092 0.057325
0 0.531554 0.259873 0.105180 0.117197
1 0.137609 0.258599 0.074582 0.045860
1 0.346055 0.102548 0.063108 0.034395
1 0.629084 0.177070 0.063108 0.038217
1 0.456972 0.166242 0.208447 0.070064
1 0.430199 0.264331 0.074582 0.044586
1 0.378565 0.327389 0.055458 0.043312
1 0.279123 0.472611 0.063108 0.043312
1 0.401514 0.473248 0.070757 0.036943
1 0.423506 0.401274 0.160638 0.107006
1 0.303027 0.575796 0.137690 0.104459
1 0.457928 0.640764 0.156813 0.099363
1 0.831794 0.507643 0.151076 0.100637
1 0.640558 0.291720 0.158726 0.104459
1 0.763905 0.285350 0.061195 0.043312
1 0.784941 0.328025 0.065020 0.039490
1 0.896814 0.287898 0.063108 0.045860