0 0.436944 0.244807 0.090504 0.109792
0 0.554154 0.287834 0.087537 0.109792
0 0.676558 0.376855 0.059347 0.103858
0 0.500742 0.108309 0.057864 0.077151
0 0.626855 0.140950 0.069733 0.071217
0 0.710682 0.192878 0.038576 0.056380
0 0.790059 0.280415 0.057864 0.062315
2 0.504451 0.044510 0.103858 0.047478
2 0.615727 0.066024 0.089021 0.063798
2 0.718843 0.129822 0.078635 0.060831
2 0.795252 0.206973 0.062315 0.063798
2 0.434718 0.160237 0.089021 0.053412
2 0.555638 0.163947 0.108309 0.066766
2 0.677300 0.256677 0.096439 0.086053
2 0.761869 0.367211 0.069733 0.120178