3 0.800637 0.478344 0.206369 0.271338
3 0.205096 0.391083 0.179618 0.191083
3 0.461146 0.285987 0.210191 0.143949
3 0.347771 0.200637 0.171975 0.110828
3 0.618471 0.172611 0.157962 0.070064
4 0.542038 0.197452 0.119745 0.091720
4 0.739490 0.236306 0.081529 0.059873
4 0.667516 0.197452 0.085350 0.056051
4 0.649682 0.248408 0.075159 0.061146
4 0.328662 0.392994 0.070064 0.085350
4 0.445223 0.369427 0.081529 0.061146
4 0.387261 0.443949 0.087898 0.090446
0 0.478981 0.508917 0.184713 0.243312
0 0.789809 0.300000 0.184713 0.128662