1 0.494904 0.342675 0.086624 0.094268
1 0.403185 0.422293 0.094268 0.123567
1 0.605096 0.429299 0.105732 0.107006
1 0.361146 0.564331 0.081529 0.068790
1 0.540764 0.287261 0.101911 0.075159
0 0.200637 0.394268 0.096815 0.110828
0 0.309554 0.349682 0.126115 0.118471
0 0.740127 0.380892 0.087898 0.086624
0 0.601911 0.358599 0.117197 0.087898
0 0.482166 0.437580 0.107006 0.095541
0 0.534395 0.478344 0.066242 0.067516
0 0.482166 0.575796 0.163057 0.160510
0 0.637580 0.511465 0.081529 0.072611
0 0.609554 0.261146 0.071338 0.084076