4 0.295252 0.349407 0.111276 0.066766
4 0.683605 0.393917 0.042285 0.028190
4 0.818249 0.343472 0.053412 0.025223
4 0.449926 0.380564 0.033383 0.028190
4 0.868323 0.315282 0.028932 0.022255
4 0.922849 0.310089 0.022255 0.017804
4 0.757047 0.382789 0.028932 0.026706
4 0.881677 0.375371 0.020030 0.023739
4 0.676929 0.439169 0.055638 0.050445
4 0.585682 0.471810 0.046736 0.026706
4 0.589021 0.387982 0.044510 0.031157
0 0.397626 0.285608 0.097923 0.060831
0 0.555638 0.246291 0.200297 0.062315
0 0.741469 0.254451 0.024481 0.028190
0 0.690282 0.561573 0.037834 0.025223
0 0.272997 0.488131 0.111276 0.124629
0 0.819362 0.502967 0.033383 0.032641
0 0.847181 0.408012 0.040059 0.023739