0 0.596481 0.243528 0.086165 0.098706
0 0.455704 0.190939 0.052184 0.093851
0 0.505461 0.264563 0.052184 0.101942
0 0.589806 0.320388 0.058252 0.080906
0 0.620146 0.386731 0.048544 0.071197
0 0.632282 0.477346 0.065534 0.093851
0 0.571602 0.463592 0.058252 0.079288
0 0.523665 0.600324 0.061893 0.100324
0 0.518811 0.508091 0.054612 0.071197
0 0.511529 0.453883 0.052184 0.043689
0 0.538835 0.407767 0.063107 0.048544
0 0.424757 0.440939 0.050971 0.069579
0 0.442961 0.478155 0.060680 0.069579
0 0.427184 0.533172 0.053398 0.059871
0 0.334345 0.412621 0.078883 0.100324
0 0.334345 0.295307 0.066748 0.114887
1 0.398058 0.328479 0.060680 0.129450
1 0.469053 0.314725 0.074029 0.092233
1 0.464199 0.385113 0.108010 0.080906
1 0.461165 0.627832 0.055825 0.071197