0 0.629080 0.508902 0.264095 0.246291
0 0.538576 0.320475 0.151335 0.097923
0 0.612760 0.264095 0.106825 0.118694
0 0.546736 0.152077 0.099407 0.096439
0 0.295252 0.402077 0.118694 0.094955
0 0.175816 0.359050 0.111276 0.106825
0 0.410237 0.458457 0.307122 0.240356
0 0.390950 0.252967 0.324926 0.268546
0 0.213650 0.189911 0.166172 0.166172
0 0.103858 0.492582 0.195846 0.189911
0 0.776706 0.342730 0.167656 0.323442
0 0.622404 0.133531 0.203264 0.148368
4 0.075668 0.274481 0.089021 0.041543
4 0.161721 0.321958 0.112760 0.053412
4 0.767804 0.137240 0.043027 0.078635
4 0.922849 0.395401 0.145401 0.069733
4 0.554896 0.574926 0.068249 0.063798
4 0.796736 0.196588 0.080119 0.057864