2 0.427300 0.667656 0.089021 0.121662
2 0.416914 0.343472 0.091988 0.084570
2 0.367953 0.197329 0.068249 0.044510
1 0.502967 0.225519 0.115727 0.091988
1 0.469585 0.152077 0.054896 0.031157
1 0.266320 0.327893 0.075668 0.068249
0 0.510386 0.330861 0.047478 0.032641
0 0.500000 0.293027 0.029674 0.028190
0 0.537092 0.294510 0.050445 0.031157
0 0.558605 0.330861 0.040059 0.041543
0 0.551929 0.366469 0.032641 0.029674
0 0.248516 0.251484 0.034125 0.040059
0 0.362760 0.275223 0.037092 0.034125
0 0.298220 0.235905 0.047478 0.035608
0 0.308605 0.279674 0.038576 0.022255
0 0.258160 0.214392 0.032641 0.025223
4 0.597181 0.278932 0.072700 0.056380
4 0.672107 0.262611 0.050445 0.062315
4 0.532641 0.402819 0.020772 0.022255
4 0.216617 0.229970 0.044510 0.032641