0 0.350784 0.704218 0.198389 0.163205
0 0.542815 0.651229 0.132259 0.103858
0 0.725943 0.653349 0.175498 0.139890
0 0.486223 0.559029 0.161509 0.120814
0 0.278932 0.446694 0.115727 0.105977
0 0.292285 0.351314 0.076304 0.055108
0 0.669987 0.345485 0.068673 0.060407
0 0.690335 0.450933 0.076304 0.069945
0 0.364773 0.429207 0.053412 0.075244
0 0.324078 0.585524 0.104281 0.072064
0 0.550445 0.278190 0.055956 0.057228
0 0.373039 0.277660 0.049597 0.054048
0 0.593684 0.405892 0.053412 0.064646
0 0.824502 0.506041 0.085206 0.069945
0 0.437897 0.403773 0.069945 0.073124
0 0.373675 0.176982 0.083934 0.058287
0 0.606401 0.244807 0.071217 0.051929
0 0.830861 0.634803 0.059771 0.064646