3 0.383160 0.502226 0.113501 0.078635
3 0.654674 0.342730 0.300445 0.142433
3 0.513353 0.224036 0.311573 0.109792
3 0.622404 0.177300 0.253709 0.084570
1 0.051558 0.708457 0.046736 0.048961
1 0.103858 0.703264 0.057864 0.038576
1 0.279674 0.630564 0.057864 0.029674
1 0.272997 0.605341 0.066766 0.032641
1 0.155045 0.571217 0.048961 0.050445
1 0.266320 0.544510 0.057864 0.035608
1 0.753709 0.532641 0.080119 0.053412
1 0.873887 0.527448 0.084570 0.048961
1 0.873887 0.590504 0.097923 0.047478
1 0.762611 0.582344 0.084570 0.051929