2 0.235905 0.356083 0.083086 0.091988
2 0.473294 0.413947 0.089021 0.080119
2 0.506677 0.341988 0.087537 0.069733
2 0.280415 0.268546 0.080119 0.053412
2 0.350148 0.330119 0.094955 0.066766
2 0.638724 0.370920 0.069733 0.068249
2 0.577893 0.307864 0.075668 0.048961
2 0.381306 0.566766 0.112760 0.065282
2 0.321217 0.510386 0.069733 0.062315
2 0.488131 0.521513 0.086053 0.072700
2 0.432493 0.218843 0.069733 0.072700
2 0.341988 0.751484 0.087537 0.084570
2 0.260386 0.583086 0.084570 0.059347
2 0.129822 0.562315 0.045994 0.097923
2 0.161721 0.419881 0.053412 0.074184
2 0.692136 0.452522 0.090504 0.068249
2 0.593472 0.722552 0.083086 0.077151
2 0.495549 0.722552 0.074184 0.071217
2 0.393917 0.691395 0.075668 0.103858
2 0.311573 0.668398 0.053412 0.054896
2 0.295994 0.822700 0.075668 0.063798
2 0.685460 0.710682 0.068249 0.080119
2 0.586795 0.639466 0.090504 0.065282
2 0.491840 0.612760 0.081602 0.071217
2 0.597181 0.438427 0.078635 0.063798
1 0.391691 0.403561 0.059347 0.050445
1 0.169881 0.641691 0.043027 0.034125
1 0.220326 0.474036 0.028190 0.019288
1 0.534125 0.270772 0.047478 0.019288
1 0.551187 0.480712 0.031157 0.041543
1 0.631306 0.504451 0.037092 0.023739
1 0.783383 0.566766 0.017804 0.017804
1 0.844214 0.551929 0.014837 0.020772