4 0.135757 0.583828 0.132047 0.188427
4 0.384273 0.485163 0.169139 0.172107
3 0.496291 0.514095 0.114243 0.152819
4 0.946588 0.553412 0.083086 0.071217
4 0.232196 0.301929 0.137982 0.158754
4 0.495549 0.097923 0.124629 0.115727
3 0.279674 0.655045 0.167656 0.120178
3 0.729970 0.586795 0.121662 0.132047
3 0.779674 0.445846 0.149852 0.123145
3 0.639466 0.413947 0.136499 0.166172
3 0.463650 0.220326 0.111276 0.137982
3 0.655045 0.105341 0.120178 0.118694
3 0.198071 0.385015 0.167656 0.152819
3 0.207715 0.198813 0.145401 0.106825
3 0.636499 0.264837 0.118694 0.126113
4 0.225519 0.503709 0.112760 0.111276
4 0.301187 0.154303 0.080119 0.065282
4 0.602374 0.186944 0.112760 0.100890
4 0.715134 0.221068 0.106825 0.112760
4 0.577151 0.109050 0.091988 0.090504