0 0.503709 0.385015 0.105341 0.099407
0 0.307122 0.339021 0.059347 0.040059
0 0.218101 0.369436 0.017804 0.047478
0 0.210682 0.459199 0.071217 0.031157
0 0.818991 0.435460 0.065282 0.043027
0 0.741098 0.430267 0.066766 0.053412
0 0.716617 0.560089 0.106825 0.090504
0 0.614985 0.229970 0.081602 0.077151
1 0.459199 0.199555 0.087537 0.075668
4 0.514837 0.583828 0.077151 0.078635
4 0.629080 0.166914 0.047478 0.045994
4 0.706231 0.123887 0.029674 0.040059
4 0.604599 0.129080 0.025223 0.038576
4 0.160237 0.449555 0.035608 0.032641