0 0.355583 0.368038 0.123786 0.161994
0 0.279733 0.591008 0.105583 0.247542
0 0.420510 0.583727 0.108010 0.152894
0 0.509102 0.408992 0.120146 0.138332
0 0.336772 0.794866 0.120146 0.203858
0 0.443568 0.220605 0.137136 0.118310
0 0.601335 0.558245 0.134709 0.232981
0 0.523665 0.825809 0.105583 0.251182
0 0.676578 0.808517 0.166262 0.198398
0 0.741505 0.601929 0.118932 0.200218
0 0.767597 0.391700 0.078883 0.136512
0 0.871359 0.622861 0.050971 0.172915
0 0.789442 0.838550 0.108010 0.163814
0 0.288228 0.267929 0.115291 0.183836
0 0.810073 0.234257 0.105583 0.156534
0 0.891990 0.432654 0.058252 0.182016
0 0.508495 0.101385 0.121359 0.123771
1 0.397451 0.054971 0.095874 0.103749
1 0.574029 0.137788 0.111650 0.141973
1 0.393811 0.465417 0.129854 0.192937
1 0.450850 0.730250 0.112864 0.129231
1 0.419296 0.875863 0.103155 0.158354
1 0.598908 0.712049 0.112864 0.183836
1 0.702063 0.326175 0.115291 0.125591
1 0.732403 0.188752 0.081311 0.123771
1 0.831917 0.361668 0.071602 0.131052
1 0.816748 0.500910 0.087379 0.136512