3 0.887240 0.523739 0.100890 0.083086
3 0.927300 0.457715 0.103858 0.057864
3 0.540059 0.064540 0.086053 0.054896
3 0.153561 0.697329 0.063798 0.091988
3 0.185460 0.773739 0.068249 0.090504
3 0.231454 0.833828 0.094955 0.080119
3 0.614243 0.100890 0.080119 0.065282
3 0.203264 0.577151 0.142433 0.201780
3 0.712908 0.536350 0.158754 0.155786
3 0.882789 0.626855 0.166172 0.143917
2 0.479970 0.586795 0.158754 0.135015
2 0.728487 0.767062 0.145401 0.163205
2 0.804154 0.304896 0.151335 0.120178
2 0.267062 0.165430 0.121662 0.114243
2 0.531899 0.182493 0.137982 0.065282
0 0.284866 0.324926 0.059347 0.068249
0 0.332344 0.551187 0.050445 0.054896
0 0.482938 0.426558 0.040059 0.040059
0 0.410979 0.747774 0.032641 0.050445
0 0.499258 0.312315 0.057864 0.060831
0 0.620920 0.328635 0.048961 0.051929
0 0.664688 0.287834 0.032641 0.038576
0 0.542285 0.336795 0.043027 0.059347
0 0.301187 0.279674 0.080119 0.054896
4 0.102374 0.422107 0.115727 0.066766
4 0.072700 0.460682 0.089021 0.051929
4 0.948813 0.313798 0.081602 0.081602
4 0.897626 0.286350 0.068249 0.100890
4 0.728487 0.201780 0.050445 0.074184
4 0.314540 0.459941 0.041543 0.065282
4 0.663947 0.906528 0.078635 0.091988
4 0.594955 0.842730 0.053412 0.097923
3 0.485905 0.254451 0.090504 0.117211
3 0.688427 0.131306 0.169139 0.102374