0 0.340504 0.476261 0.144659 0.097923
0 0.308976 0.354599 0.192878 0.121662
0 0.493509 0.254451 0.157641 0.087537
0 0.325668 0.207715 0.181751 0.130564
0 0.187500 0.268546 0.120549 0.142433
0 0.146699 0.454006 0.113131 0.091988
0 0.466617 0.387240 0.107567 0.097923
0 0.739243 0.261869 0.118694 0.048961
0 0.732752 0.494807 0.079748 0.060831
0 0.850519 0.552671 0.085312 0.066766
0 0.270030 0.570475 0.081602 0.072700
1 0.516691 0.525964 0.248516 0.188427
1 0.665059 0.342730 0.226261 0.145401
3 0.752226 0.129822 0.159496 0.176558
3 0.910794 0.330119 0.139095 0.167656