0 0.442136 0.343472 0.145401 0.167656
2 0.261128 0.254451 0.204748 0.176558
2 0.640950 0.169139 0.183976 0.136499
2 0.798220 0.352374 0.198813 0.218101
2 0.508902 0.556380 0.267062 0.261128
2 0.294510 0.724036 0.188427 0.195846
0 0.189169 0.598665 0.105341 0.149852
0 0.435460 0.719585 0.179525 0.198813
0 0.757418 0.701039 0.185460 0.158754
0 0.715875 0.486647 0.146884 0.145401
4 0.507418 0.168398 0.097923 0.140950
4 0.339763 0.519288 0.112760 0.133531
4 0.813798 0.235163 0.129080 0.111276
4 0.862018 0.422849 0.124629 0.115727
4 0.554896 0.706973 0.086053 0.105341