4 0.138778 0.181009 0.095286 0.106825
4 0.439363 0.264837 0.221758 0.161721
4 0.336281 0.178783 0.157656 0.111276
4 0.480076 0.079377 0.168051 0.063798
4 0.201147 0.288576 0.129936 0.126113
4 0.085937 0.390950 0.083159 0.108309
4 0.291236 0.411721 0.161121 0.132047
4 0.230599 0.517804 0.150726 0.154303
4 0.666318 0.570475 0.194038 0.126113
4 0.684509 0.426558 0.230420 0.146884
4 0.785859 0.359792 0.148993 0.132047
4 0.871617 0.314540 0.123006 0.124629
2 0.332816 0.084570 0.150726 0.068249
2 0.139644 0.274481 0.176713 0.148368
2 0.512127 0.152819 0.190573 0.106825
2 0.778063 0.149110 0.154191 0.090504
2 0.636000 0.293769 0.202700 0.148368
2 0.487006 0.485163 0.261605 0.234421