0 0.735217 0.475159 0.114296 0.155414
0 0.518221 0.762420 0.119265 0.187261
0 0.632103 0.638854 0.108498 0.207643
0 0.740186 0.785350 0.134173 0.192357
0 0.827979 0.547771 0.132517 0.206369
0 0.717410 0.342675 0.103529 0.160510
0 0.550522 0.424204 0.097731 0.193631
0 0.520292 0.338217 0.093590 0.161783
0 0.447407 0.329299 0.075369 0.128662
0 0.446165 0.533758 0.096075 0.206369
0 0.620093 0.193631 0.099387 0.155414
1 0.536028 0.585350 0.108498 0.177070
1 0.816383 0.677707 0.084479 0.127389
1 0.757993 0.614650 0.073712 0.115924
1 0.814313 0.370701 0.093590 0.140127
1 0.638314 0.466879 0.087792 0.126115
1 0.543068 0.241401 0.056320 0.103185
1 0.747226 0.210191 0.078682 0.142675