0 0.296334 0.387898 0.227570 0.164331
0 0.820320 0.316561 0.177849 0.105732
0 0.592749 0.638854 0.219921 0.159236
3 0.718009 0.498089 0.229483 0.178344
3 0.065458 0.546497 0.130915 0.152866
3 0.197848 0.331847 0.187411 0.121019
4 0.661594 0.674522 0.216096 0.177070
4 0.853786 0.505096 0.175937 0.146497
4 0.958965 0.507006 0.076494 0.145223
4 0.595618 0.326115 0.218009 0.142675
4 0.302071 0.239490 0.177849 0.068790
1 0.311633 0.677707 0.258168 0.147771
1 0.412988 0.598726 0.242869 0.168153
1 0.490438 0.463694 0.237132 0.155414
1 0.189242 0.605732 0.193148 0.146497
1 0.162469 0.459236 0.154901 0.121019
1 0.292509 0.519745 0.231395 0.147771
1 0.392908 0.313376 0.191236 0.129936
1 0.851873 0.636943 0.221833 0.160510