1 0.450159 0.557325 0.143984 0.123567
1 0.178804 0.420382 0.132909 0.142675
1 0.507911 0.519745 0.151896 0.119745
1 0.426426 0.412739 0.162971 0.135032
1 0.317251 0.389809 0.115504 0.140127
1 0.424843 0.318471 0.140820 0.073885
1 0.579112 0.184076 0.218350 0.092994
1 0.719141 0.244586 0.115504 0.109554
1 0.770564 0.342675 0.170883 0.150318
1 0.208867 0.289809 0.132909 0.100637
0 0.324371 0.249682 0.117086 0.104459
0 0.429590 0.219745 0.099682 0.108280
0 0.587815 0.287898 0.200945 0.112102
0 0.623415 0.442675 0.234172 0.184713
0 0.844139 0.469427 0.153478 0.159236
0 0.842556 0.282166 0.096517 0.105732
0 0.881321 0.364331 0.094935 0.086624