0 0.554498 0.504459 0.083918 0.107006
0 0.307086 0.537580 0.063662 0.122293
0 0.401131 0.389809 0.083918 0.109554
0 0.299851 0.415287 0.060768 0.089172
0 0.282489 0.333121 0.058839 0.070064
0 0.430069 0.278344 0.078130 0.054777
0 0.545335 0.263694 0.071378 0.063694
0 0.717993 0.409554 0.071378 0.098089
0 0.721851 0.583439 0.032795 0.071338
0 0.625394 0.521019 0.050158 0.066242
0 0.438750 0.598726 0.053051 0.086624
0 0.374123 0.582803 0.039547 0.057325
0 0.282489 0.637580 0.070414 0.059873
0 0.189890 0.590446 0.049193 0.057325
0 0.779726 0.513376 0.086811 0.045860
0 0.687127 0.273248 0.057874 0.054777
0 0.449360 0.487261 0.051122 0.072611
0 0.512539 0.570064 0.061733 0.052229
0 0.462382 0.389172 0.034725 0.064968
0 0.588741 0.582166 0.079095 0.038217