0 0.282948 0.538854 0.055458 0.038217
0 0.372828 0.449682 0.059283 0.038217
0 0.299203 0.592357 0.034422 0.033121
0 0.368047 0.528662 0.061195 0.030573
0 0.333625 0.552229 0.065020 0.031847
0 0.354661 0.586624 0.065020 0.031847
0 0.371872 0.616561 0.065020 0.030573
0 0.371872 0.657325 0.061195 0.043312
0 0.400171 0.556415 0.061469 0.037307
0 0.428173 0.520018 0.051907 0.037307
0 0.406318 0.471793 0.068298 0.042766
0 0.448663 0.437216 0.049175 0.028207
0 0.488959 0.446770 0.050541 0.038217
0 0.557257 0.454049 0.042345 0.038217
0 0.625556 0.459509 0.061469 0.038217
0 0.520376 0.489536 0.066932 0.038217
0 0.721856 0.478162 0.060103 0.044586
0 0.682926 0.505914 0.050541 0.041856
0 0.626239 0.521838 0.071030 0.035487
0 0.581845 0.500910 0.047809 0.042766
0 0.435003 0.571429 0.054639 0.038217
0 0.505350 0.530027 0.086056 0.042766
0 0.476665 0.598726 0.072396 0.041856
0 0.546329 0.580983 0.045077 0.030027
0 0.624190 0.600091 0.058737 0.044586
0 0.594138 0.548226 0.064201 0.035487
0 0.546329 0.633758 0.047809 0.035487
0 0.581845 0.652411 0.039613 0.038217
0 0.719807 0.641037 0.066932 0.050045
0 0.687707 0.589172 0.046443 0.035487
0 0.748493 0.601456 0.050541 0.034577
0 0.762835 0.694268 0.043711 0.030937
0 0.741663 0.516833 0.053273 0.036397