2 0.178623 0.247774 0.080344 0.083086
2 0.250359 0.277448 0.103300 0.083086
2 0.296987 0.318991 0.101865 0.086053
2 0.396700 0.303412 0.100430 0.105341
2 0.501435 0.290059 0.111908 0.108309
2 0.601148 0.284125 0.090387 0.123145
2 0.677905 0.312315 0.077475 0.149852
2 0.734576 0.230712 0.090387 0.084570
2 0.213056 0.163205 0.083214 0.086053
2 0.251794 0.193373 0.097561 0.082097
2 0.424677 0.207715 0.088953 0.081108
2 0.514586 0.198318 0.083214 0.072206
2 0.333333 0.188427 0.084170 0.121662
2 0.415591 0.127596 0.097561 0.075173
2 0.508847 0.126113 0.090865 0.072206
2 0.590148 0.174580 0.073649 0.099901
2 0.668579 0.173591 0.083214 0.123640
2 0.760401 0.109792 0.000956 0.000000
2 0.752749 0.127102 0.088953 0.121662
2 0.362028 0.048467 0.093735 0.075173
2 0.450502 0.049951 0.081301 0.074184
2 0.539455 0.061325 0.085127 0.067260
2 0.641319 0.070227 0.087996 0.077151
2 0.594930 0.098912 0.062171 0.051434
2 0.591583 0.031157 0.084170 0.054402
2 0.268293 0.090504 0.087996 0.090010
2 0.324725 0.125124 0.091822 0.070227
2 0.513151 0.016320 0.066954 0.024728