0 0.489172 0.608280 0.253503 0.228025
0 0.187898 0.388535 0.096815 0.107006
0 0.312739 0.348408 0.163057 0.136306
0 0.397452 0.188535 0.095541 0.081529
0 0.462420 0.234395 0.156688 0.112102
0 0.556688 0.171975 0.042038 0.066242
0 0.600637 0.240127 0.107006 0.077707
0 0.833758 0.381529 0.091720 0.128662
0 0.640764 0.373885 0.123567 0.113376
0 0.495541 0.440764 0.115924 0.099363
0 0.615924 0.496815 0.073885 0.091720
0 0.725478 0.378981 0.089172 0.108280
1 0.384076 0.435669 0.071338 0.084076
1 0.478981 0.361783 0.057325 0.056051
1 0.429936 0.394268 0.066242 0.067516
1 0.457962 0.314650 0.063694 0.056051
1 0.647134 0.301911 0.075159 0.056051
1 0.733758 0.508917 0.085350 0.059873