1 0.354433 0.525478 0.151896 0.138854
1 0.514240 0.277070 0.158225 0.095541
1 0.546676 0.534395 0.197781 0.151592
1 0.459653 0.441401 0.140820 0.118471
1 0.554588 0.402548 0.156642 0.122293
1 0.813285 0.394268 0.139238 0.141401
1 0.719932 0.233758 0.167718 0.098089
1 0.618668 0.622930 0.177212 0.117197
1 0.718350 0.506369 0.126580 0.133758
1 0.715186 0.374522 0.107593 0.119745
1 0.763444 0.577070 0.118668 0.122293
0 0.476266 0.679618 0.117086 0.098089
0 0.385287 0.694268 0.099682 0.086624
0 0.337820 0.649045 0.137655 0.082803
0 0.364718 0.363694 0.080695 0.077707
0 0.819614 0.629936 0.098099 0.064968
0 0.892397 0.591720 0.085441 0.087898
0 0.865499 0.494268 0.139238 0.084076
0 0.244467 0.533758 0.074366 0.109554
0 0.264245 0.430573 0.066454 0.084076