0 0.640764 0.864331 0.059873 0.049682
3 0.249045 0.905096 0.094268 0.080255
3 0.529299 0.863057 0.107006 0.103185
3 0.815924 0.928025 0.073885 0.108280
2 0.692994 0.910828 0.062420 0.117197
2 0.693631 0.779618 0.112102 0.112102
2 0.594904 0.677707 0.110828 0.061146
2 0.529936 0.713376 0.047134 0.081529
4 0.668790 0.438854 0.062420 0.118471
4 0.810191 0.593631 0.217834 0.196178
4 0.749682 0.489809 0.030573 0.072611
4 0.246497 0.491720 0.170701 0.137580
4 0.347134 0.515924 0.157962 0.101911
4 0.152866 0.613376 0.080255 0.077707
4 0.464331 0.580892 0.086624 0.061146
1 0.243949 0.624204 0.071338 0.061146
1 0.311465 0.629299 0.076433 0.071338
1 0.235032 0.692357 0.050955 0.062420
1 0.325478 0.699363 0.068790 0.073885
1 0.403822 0.722293 0.085350 0.084076
1 0.307006 0.802548 0.062420 0.071338
1 0.450955 0.791083 0.067516 0.061146