0 0.413205 0.446588 0.137982 0.163205
0 0.532563 0.668827 0.023427 0.024207
0 0.598548 0.682883 0.025769 0.025769
0 0.571607 0.668827 0.028112 0.019522
0 0.546619 0.705529 0.026550 0.022646
0 0.590739 0.772294 0.036702 0.029674
0 0.579416 0.737545 0.028112 0.022646
0 0.406450 0.807044 0.028893 0.024207
0 0.470092 0.818757 0.028112 0.027331
0 0.353350 0.794549 0.025769 0.027331
3 0.381462 0.681321 0.181946 0.188193
3 0.717632 0.734421 0.182727 0.136655
3 0.782836 0.480244 0.111666 0.181165
3 0.672732 0.315868 0.071060 0.081993
3 0.886303 0.584101 0.064032 0.087459
3 0.309453 0.476897 0.076304 0.093260
1 0.535184 0.569097 0.207715 0.180161