0 0.399852 0.654303 0.132047 0.136499
0 0.161721 0.511869 0.192878 0.157270
0 0.370920 0.380564 0.121662 0.117211
0 0.626113 0.231454 0.115727 0.148368
0 0.723294 0.689911 0.173591 0.163205
0 0.739614 0.476261 0.173591 0.145401
0 0.512611 0.589763 0.132047 0.123145
1 0.278190 0.276706 0.126113 0.158754
1 0.469585 0.280415 0.265579 0.210682
1 0.591988 0.457715 0.296736 0.274481
1 0.318249 0.590504 0.170623 0.139466
1 0.213650 0.397626 0.109792 0.112760
1 0.317507 0.466617 0.121662 0.105341
1 0.430267 0.500000 0.103858 0.130564
1 0.759644 0.312315 0.124629 0.123145
1 0.816024 0.594955 0.086053 0.077151
1 0.635015 0.640950 0.118694 0.136499