1 0.422293 0.501911 0.124841 0.127389
1 0.520382 0.559873 0.094268 0.113376
1 0.526115 0.391083 0.108280 0.114650
1 0.631210 0.403185 0.124841 0.136306
1 0.566242 0.247134 0.129936 0.099363
1 0.474522 0.212739 0.112102 0.086624
0 0.079618 0.440127 0.073885 0.082803
0 0.182803 0.336306 0.078981 0.099363
0 0.243312 0.216561 0.115924 0.096815
0 0.381529 0.068153 0.104459 0.080255
0 0.343949 0.144586 0.085350 0.064968
0 0.650318 0.320382 0.107006 0.077707
0 0.728662 0.253503 0.095541 0.084076
4 0.261783 0.314650 0.112102 0.104459
4 0.227389 0.079618 0.089172 0.057325
4 0.571338 0.089809 0.089172 0.054777
4 0.553503 0.158599 0.086624 0.047134
4 0.854140 0.336943 0.112102 0.105732
4 0.852866 0.413376 0.081529 0.113376
4 0.868153 0.500000 0.063694 0.103185
4 0.780892 0.415924 0.075159 0.131210
4 0.437580 0.282803 0.114650 0.099363