3 0.308280 0.453503 0.174522 0.185987
0 0.174522 0.539490 0.141401 0.133758
0 0.242038 0.722930 0.115924 0.110828
0 0.382803 0.673248 0.216561 0.192357
0 0.433758 0.556051 0.091720 0.090446
0 0.647134 0.499363 0.077707 0.071338
0 0.693631 0.629936 0.091720 0.085350
0 0.761783 0.627389 0.090446 0.080255
0 0.578344 0.594904 0.174522 0.160510
0 0.729936 0.721656 0.087898 0.100637
0 0.812102 0.689172 0.107006 0.119745
0 0.607006 0.233121 0.142675 0.119745
0 0.403822 0.301911 0.141401 0.173248
0 0.309554 0.332484 0.080255 0.076433
0 0.422293 0.808917 0.114650 0.114650
0 0.543312 0.785987 0.191083 0.224204
0 0.289172 0.829936 0.087898 0.100637
1 0.337580 0.810828 0.100637 0.090446
1 0.671338 0.798089 0.087898 0.082803
1 0.748408 0.822930 0.122293 0.101911
1 0.498089 0.428025 0.151592 0.150318
1 0.198726 0.287898 0.077707 0.056051
0 0.671338 0.394268 0.187261 0.171975
1 0.726752 0.555414 0.053503 0.045860
1 0.763057 0.534395 0.062420 0.052229