2 0.320475 0.484421 0.109792 0.132047
2 0.215875 0.431009 0.135015 0.155786
2 0.187685 0.330119 0.167656 0.158754
2 0.775223 0.586053 0.155786 0.178042
2 0.617953 0.524481 0.167656 0.146884
2 0.420623 0.406528 0.114243 0.124629
2 0.336053 0.298961 0.132047 0.102374
2 0.548961 0.401335 0.127596 0.146884
2 0.671365 0.390208 0.108309 0.103858
2 0.845697 0.402077 0.148368 0.151335
2 0.809347 0.267804 0.114243 0.099407
2 0.632047 0.283383 0.115727 0.094955
2 0.483680 0.275964 0.130564 0.115727
2 0.533383 0.188427 0.099407 0.077151
2 0.333828 0.175816 0.151335 0.129080
2 0.508160 0.111276 0.167656 0.100890
2 0.756677 0.188427 0.121662 0.106825
2 0.638724 0.212908 0.084570 0.066766
2 0.654303 0.119436 0.127596 0.084570