0 0.659236 0.200000 0.145223 0.076433
0 0.508280 0.175159 0.136306 0.095541
0 0.389172 0.172611 0.076433 0.052229
0 0.445223 0.370064 0.056051 0.072611
0 0.700000 0.343949 0.132484 0.107006
0 0.600637 0.443312 0.056051 0.058599
0 0.787261 0.415924 0.036943 0.034395
0 0.711465 0.459873 0.028025 0.048408
0 0.765605 0.485350 0.087898 0.129936
0 0.668790 0.453503 0.031847 0.040764
0 0.573885 0.389172 0.033121 0.039490
0 0.538854 0.430573 0.034395 0.030573
1 0.487261 0.457325 0.096815 0.109554
1 0.359873 0.361146 0.117197 0.166879
1 0.403822 0.278981 0.095541 0.076433
3 0.561146 0.298726 0.180892 0.149045
3 0.834395 0.308917 0.128662 0.138854