1 0.769606 0.455490 0.101738 0.068249
1 0.755546 0.281405 0.075738 0.061325
1 0.688286 0.452522 0.072347 0.055391
1 0.812632 0.397132 0.058782 0.059347
1 0.746503 0.398615 0.064434 0.050445
1 0.729546 0.338773 0.064434 0.055391
1 0.772502 0.342235 0.064434 0.046489
1 0.719373 0.390208 0.068956 0.047478
1 0.823937 0.360040 0.058782 0.046489
1 0.554896 0.416914 0.038434 0.033630
2 0.433376 0.463897 0.053130 0.058358
2 0.478027 0.473294 0.033913 0.051434
2 0.522114 0.474283 0.058782 0.061325
2 0.584852 0.479723 0.068956 0.058358
2 0.654373 0.471316 0.063304 0.065282
2 0.496114 0.427300 0.058782 0.038576
2 0.652678 0.423343 0.039565 0.044510
2 0.623852 0.400099 0.051999 0.059347
2 0.439593 0.423343 0.058782 0.042532
2 0.541331 0.376855 0.056521 0.042532
2 0.657199 0.332344 0.053130 0.040554
2 0.565635 0.350148 0.053130 0.050445
2 0.616504 0.350643 0.055391 0.053412
2 0.496114 0.372898 0.051999 0.046489