0 0.479211 0.712908 0.124734 0.078635
0 0.324160 0.647626 0.105677 0.075668
0 0.445429 0.637982 0.095283 0.071217
0 0.535514 0.655045 0.098748 0.084570
0 0.430703 0.557122 0.110874 0.090504
0 0.744270 0.617211 0.148988 0.124629
0 0.234941 0.576409 0.117804 0.090504
0 0.751200 0.493323 0.093550 0.078635
0 0.661981 0.560831 0.105677 0.112760
0 0.567564 0.546736 0.176706 0.137982
0 0.471415 0.433234 0.157650 0.127596
0 0.500866 0.321217 0.074494 0.087537
0 0.575360 0.356083 0.126466 0.115727
0 0.679305 0.450297 0.105677 0.090504