0 0.305532 0.296165 0.062308 0.030815
0 0.271981 0.334969 0.049527 0.044510
0 0.311123 0.334399 0.089469 0.043369
0 0.364645 0.357795 0.084676 0.058206
0 0.416568 0.392604 0.092664 0.061630
0 0.483670 0.314426 0.099054 0.039945
0 0.416568 0.321844 0.057515 0.045652
0 0.473357 0.362265 0.083078 0.053577
0 0.505088 0.409660 0.063462 0.064293
0 0.648167 0.366799 0.001154 0.000000
0 0.566820 0.397709 0.066924 0.053577
0 0.645859 0.340010 0.081924 0.050280
0 0.389125 0.263353 0.078462 0.035443
0 0.517204 0.277778 0.080770 0.029674
1 0.377010 0.303742 0.075001 0.040389
1 0.604897 0.287257 0.092309 0.048632
1 0.550089 0.357319 0.081924 0.048632