0 0.118784 0.582344 0.124811 0.111276
0 0.265301 0.399110 0.130237 0.106825
0 0.249022 0.494065 0.130237 0.083086
0 0.209001 0.598665 0.128881 0.117211
0 0.306679 0.508902 0.142447 0.112760
0 0.342630 0.410979 0.135664 0.074184
0 0.377902 0.334570 0.116671 0.078635
0 0.533238 0.200297 0.145160 0.148368
0 0.466084 0.298961 0.116671 0.081602
0 0.669580 0.244807 0.132951 0.103858
0 0.593608 0.314540 0.103105 0.109792
0 0.417923 0.406528 0.077328 0.071217
0 0.513566 0.405786 0.122098 0.105341
0 0.425385 0.504451 0.146517 0.115727
0 0.289721 0.612760 0.086825 0.065282
0 0.246987 0.706973 0.074615 0.126113
0 0.326350 0.701039 0.124811 0.111276
0 0.299896 0.795994 0.109888 0.087537
0 0.384686 0.599407 0.113958 0.115727
0 0.596321 0.459199 0.143804 0.123145
0 0.669580 0.349407 0.119384 0.111276
0 0.782859 0.336795 0.107175 0.115727
0 0.533238 0.531899 0.107175 0.123145
0 0.477615 0.629080 0.118028 0.127596
0 0.421993 0.701039 0.088182 0.087537
0 0.400287 0.781899 0.099035 0.109792
0 0.489147 0.812315 0.119384 0.123145
0 0.501357 0.696588 0.116671 0.105341
0 0.606496 0.603858 0.128881 0.148368
0 0.727237 0.444362 0.112601 0.102374
0 0.826272 0.436944 0.120741 0.123145
0 0.704853 0.546736 0.108531 0.117211
0 0.896817 0.563798 0.139734 0.189911
0 0.800496 0.574926 0.088182 0.114243
0 0.710957 0.655786 0.107175 0.103858
0 0.588860 0.717359 0.126167 0.087537
0 0.644482 0.822700 0.101748 0.132047
0 0.698069 0.747033 0.111244 0.099407
0 0.805922 0.684718 0.096321 0.108309
0 0.769293 0.819733 0.099035 0.135015
0 0.857474 0.752226 0.096321 0.097923