1 0.265828 0.214650 0.180376 0.108280
1 0.177222 0.315287 0.110757 0.138854
1 0.683541 0.171338 0.186705 0.113376
1 0.246049 0.406369 0.153478 0.152866
1 0.384496 0.429299 0.139238 0.096815
1 0.354433 0.349682 0.079112 0.087898
1 0.654269 0.311465 0.223097 0.171975
1 0.627371 0.569427 0.191452 0.147771
0 0.469146 0.184713 0.194616 0.104459
0 0.447786 0.292357 0.221515 0.121019
0 0.799836 0.270064 0.156642 0.150318
0 0.549841 0.423567 0.197781 0.141401
0 0.767400 0.458599 0.180376 0.188535
0 0.862334 0.420382 0.120251 0.155414