1 0.885372 0.298089 0.144991 0.107006
1 0.099366 0.220382 0.156438 0.099363
1 0.275836 0.259236 0.154530 0.082803
1 0.240542 0.414650 0.091573 0.042038
1 0.346424 0.380255 0.066772 0.047134
1 0.281559 0.336943 0.074403 0.044586
1 0.102228 0.474522 0.066772 0.034395
1 0.390303 0.545860 0.062957 0.044586
1 0.434182 0.504459 0.070588 0.030573
1 0.309222 0.452229 0.068680 0.043312
1 0.356916 0.414013 0.072496 0.048408
1 0.121306 0.524841 0.062957 0.022930
1 0.179493 0.568790 0.057233 0.034395
1 0.275836 0.576433 0.070588 0.042038
1 0.019159 0.537580 0.038317 0.035669
1 0.080288 0.549682 0.076311 0.036943
1 0.327346 0.509554 0.059141 0.038217
1 0.438951 0.287898 0.080127 0.050955
1 0.319715 0.308280 0.082035 0.050955
1 0.598251 0.304459 0.059141 0.033121
1 0.648807 0.262420 0.057233 0.033121
1 0.820507 0.349682 0.156438 0.100637
0 0.425597 0.184076 0.282352 0.156688
0 0.612559 0.129299 0.213671 0.189809
0 0.109778 0.329936 0.219556 0.208917
0 0.452305 0.636306 0.080127 0.113376
0 0.389349 0.602548 0.087758 0.094268
0 0.570588 0.617834 0.099205 0.076433
0 0.576311 0.418471 0.118282 0.077707
0 0.513354 0.527389 0.114467 0.053503