1 0.468283 0.928025 0.135929 0.075159
1 0.734478 0.882166 0.115540 0.067516
1 0.625735 0.862420 0.092885 0.063694
1 0.331221 0.868153 0.097416 0.059873
1 0.200955 0.809554 0.077027 0.059873
1 0.131858 0.740127 0.133664 0.068790
1 0.122796 0.675159 0.101947 0.061146
1 0.241734 0.675796 0.126867 0.077707
1 0.319894 0.625478 0.124602 0.058599
1 0.403717 0.710828 0.188036 0.071338
1 0.509062 0.673248 0.154053 0.049682
1 0.513593 0.543312 0.108743 0.062420
1 0.594018 0.503185 0.079292 0.053503
1 0.484142 0.407643 0.067965 0.066242
0 0.413911 0.358599 0.090620 0.054777
0 0.313097 0.446497 0.106478 0.072611
0 0.155646 0.577070 0.063434 0.053503
0 0.171504 0.654777 0.099682 0.063694
0 0.567965 0.707643 0.140460 0.075159
0 0.700496 0.681529 0.101947 0.066242
0 0.820567 0.611465 0.101947 0.066242
0 0.621204 0.635032 0.074761 0.067516