1 0.143512 0.482166 0.192605 0.179618
1 0.585321 0.403185 0.190915 0.143949
1 0.443401 0.452229 0.221327 0.165605
1 0.764409 0.403822 0.231464 0.206369
1 0.924020 0.410828 0.151959 0.146497
1 0.058240 0.359873 0.116480 0.171975
1 0.128306 0.243949 0.246670 0.149045
1 0.360615 0.232484 0.217948 0.136306
1 0.236435 0.135032 0.168952 0.107006
1 0.638540 0.251592 0.253428 0.131210
1 0.492397 0.150955 0.221327 0.110828
1 0.391026 0.086624 0.207811 0.114650
1 0.592079 0.076433 0.180778 0.096815
1 0.728085 0.210828 0.199363 0.123567
1 0.919845 0.233758 0.146988 0.105732
1 0.847196 0.175159 0.167262 0.100637