2 0.413947 0.250000 0.145401 0.143917
2 0.534866 0.177300 0.146884 0.078635
2 0.545994 0.241840 0.121662 0.118694
2 0.643917 0.293027 0.127596 0.143917
2 0.299703 0.368694 0.094955 0.129080
2 0.389466 0.350890 0.111276 0.108309
2 0.720326 0.384273 0.132047 0.139466
2 0.576409 0.389466 0.146884 0.140950
2 0.454006 0.411721 0.115727 0.132047
2 0.321217 0.491840 0.102374 0.105341
2 0.368694 0.629080 0.111276 0.106825
2 0.536350 0.680267 0.123145 0.102374
2 0.451780 0.689169 0.075668 0.099407
2 0.422107 0.545994 0.105341 0.130564
2 0.516320 0.525964 0.127596 0.140950
2 0.643917 0.609792 0.121662 0.077151
2 0.628338 0.505193 0.123145 0.132047
2 0.732938 0.495549 0.106825 0.127596
2 0.674332 0.671365 0.102374 0.051929