2 0.157269 0.453503 0.137092 0.140127
2 0.298223 0.447134 0.202742 0.140127
2 0.523171 0.459236 0.235567 0.177070
2 0.386078 0.333121 0.208535 0.123567
2 0.751979 0.452866 0.198880 0.133758
2 0.216161 0.305096 0.166055 0.131210
2 0.513516 0.250318 0.220120 0.095541
2 0.683433 0.330573 0.200811 0.156688
2 0.877486 0.402548 0.121645 0.091720
2 0.819560 0.300637 0.167986 0.122293
2 0.669917 0.202548 0.162194 0.096815
2 0.791562 0.189809 0.154470 0.081529
2 0.503862 0.157962 0.166055 0.081529
2 0.319463 0.212739 0.148678 0.091720