4 0.339763 0.114243 0.157270 0.130564
4 0.499258 0.149852 0.140950 0.127596
4 0.281899 0.589021 0.166172 0.145401
4 0.360534 0.784125 0.151335 0.158754
4 0.692136 0.704006 0.099407 0.108309
4 0.843472 0.704748 0.129080 0.172107
4 0.850148 0.341246 0.157270 0.080119
2 0.284866 0.267062 0.213650 0.166172
2 0.423591 0.327893 0.185460 0.181009
2 0.594214 0.238872 0.176558 0.145401
2 0.860534 0.489614 0.207715 0.216617
2 0.081602 0.517062 0.124629 0.235905
2 0.188427 0.703264 0.183976 0.189911
2 0.515579 0.711424 0.140950 0.215134
0 0.123887 0.333828 0.117211 0.145401
0 0.407270 0.671365 0.108309 0.179525
0 0.706231 0.825668 0.139466 0.105341
0 0.477745 0.917656 0.166172 0.078635
0 0.544510 0.912463 0.002967 0.000000