0 0.350643 0.122404 0.199802 0.123145
0 0.591988 0.145401 0.199802 0.142433
0 0.567260 0.371662 0.225519 0.161721
0 0.846192 0.593472 0.300692 0.201780
0 0.667161 0.477003 0.223541 0.126113
0 0.421860 0.814540 0.255193 0.178042
0 0.137982 0.532641 0.257171 0.299703
1 0.533630 0.218101 0.387735 0.151335
1 0.892681 0.161721 0.180020 0.112760
1 0.156775 0.755935 0.290801 0.259644
1 0.732443 0.744807 0.294758 0.109792
1 0.926063 0.881306 0.147873 0.213650
0 0.132047 0.290801 0.158259 0.094955
3 0.778932 0.969585 0.225519 0.060830