0 0.372629 0.435669 0.280058 0.206369
0 0.507911 0.204459 0.164554 0.070064
0 0.477057 0.287898 0.058543 0.056051
0 0.792716 0.328025 0.075948 0.052229
0 0.768191 0.431847 0.188287 0.168153
0 0.856005 0.578981 0.085441 0.115924
0 0.253170 0.542038 0.123415 0.108280
0 0.266619 0.712102 0.106011 0.084076
0 0.424052 0.696815 0.174047 0.142675
3 0.284814 0.317197 0.094935 0.099363
3 0.170893 0.461146 0.094935 0.101911
3 0.577530 0.398726 0.177212 0.155414
1 0.367882 0.242038 0.124997 0.071338
1 0.599682 0.282166 0.136073 0.072611
1 0.704110 0.314013 0.085441 0.049682
1 0.702528 0.564331 0.256324 0.247134
1 0.545094 0.500000 0.077530 0.075159
1 0.555379 0.626115 0.177212 0.171975
1 0.262663 0.640127 0.079112 0.075159
1 0.382123 0.583439 0.162971 0.117197