0 0.288660 0.146884 0.196509 0.127596
0 0.520392 0.255935 0.211340 0.129080
0 0.411015 0.329377 0.159432 0.148368
0 0.747490 0.258160 0.220609 0.148368
0 0.601962 0.399852 0.185386 0.129080
0 0.625135 0.509644 0.183532 0.137982
1 0.480899 0.092357 0.140071 0.092994
1 0.462595 0.184076 0.183048 0.103185
1 0.234183 0.328662 0.130521 0.137580
1 0.311381 0.288535 0.090728 0.100637
1 0.701353 0.301911 0.151213 0.107006
1 0.730004 0.429936 0.148030 0.118471
1 0.375050 0.472611 0.173498 0.124841
1 0.507163 0.473248 0.122563 0.133758
4 0.605054 0.129936 0.050935 0.096815
4 0.262038 0.208917 0.090728 0.084076
4 0.169718 0.239490 0.071627 0.035669
4 0.479308 0.311465 0.063669 0.087898