0 0.440783 0.381529 0.118433 0.070064
0 0.604616 0.345860 0.102642 0.049682
0 0.555269 0.394268 0.098695 0.047134
0 0.675676 0.384076 0.071060 0.047134
0 0.796084 0.397452 0.106590 0.040764
1 0.800032 0.158599 0.126329 0.042038
1 0.639159 0.196178 0.112512 0.071338
1 0.742789 0.237580 0.094747 0.047134
1 0.589812 0.245223 0.084877 0.047134
1 0.391436 0.321019 0.078956 0.050955
1 0.448679 0.324841 0.071060 0.038217
1 0.480261 0.286624 0.047373 0.025478
1 0.500987 0.313376 0.053295 0.033121
1 0.638172 0.286624 0.078956 0.038217
1 0.719102 0.319745 0.110538 0.056051
1 0.790162 0.357325 0.114486 0.059873
1 0.764501 0.454140 0.134225 0.087898
1 0.596721 0.445860 0.165807 0.112102
1 0.451640 0.446497 0.167781 0.100637