2 0.240423 0.641691 0.137026 0.102374
2 0.482631 0.504451 0.185274 0.142433
2 0.680450 0.339763 0.144746 0.103858
3 0.545354 0.272255 0.152465 0.096439
3 0.691064 0.646884 0.127376 0.094955
3 0.318585 0.716617 0.142816 0.097923
4 0.185419 0.544510 0.158255 0.065282
4 0.835810 0.680267 0.119656 0.102374
4 0.440172 0.293027 0.111937 0.123145
0 0.170945 0.440653 0.121586 0.083086
0 0.439207 0.731454 0.102287 0.086053
0 0.617726 0.746291 0.123516 0.086053
0 0.348500 0.583086 0.148606 0.106825
0 0.620621 0.441395 0.133166 0.143917
0 0.887918 0.445846 0.123516 0.060831