4 0.328635 0.466617 0.149852 0.176558
4 0.672107 0.474777 0.166172 0.195846
4 0.422849 0.204748 0.169139 0.118694
0 0.545994 0.508160 0.148368 0.194362
0 0.756677 0.422107 0.094955 0.152819
3 0.258902 0.305638 0.069733 0.053412
3 0.558605 0.346439 0.081602 0.066766
3 0.636499 0.260386 0.065282 0.081602
3 0.282641 0.246291 0.075668 0.053412
3 0.597923 0.166172 0.097923 0.059347
3 0.489614 0.254451 0.086053 0.063798
3 0.439169 0.298220 0.077151 0.062315
2 0.292285 0.364985 0.106825 0.124629
2 0.553412 0.316024 0.121662 0.083086