0 0.218471 0.631210 0.091720 0.113376
0 0.261783 0.715287 0.063694 0.059873
0 0.302548 0.673885 0.073885 0.091720
0 0.342038 0.765605 0.101911 0.091720
0 0.414013 0.821019 0.080255 0.064968
0 0.509554 0.837580 0.090446 0.075159
0 0.603822 0.745223 0.082803 0.068790
0 0.715287 0.484076 0.096815 0.081529
0 0.740127 0.516561 0.082803 0.072611
0 0.846497 0.383439 0.076433 0.081529
0 0.259873 0.281529 0.075159 0.081529
0 0.335669 0.321019 0.081529 0.063694
0 0.273248 0.366242 0.071338 0.062420
0 0.177070 0.502548 0.052229 0.103185
0 0.229936 0.493631 0.076433 0.090446
0 0.230573 0.418471 0.062420 0.062420
0 0.514013 0.261146 0.076433 0.073885
0 0.581529 0.250955 0.091720 0.068790
0 0.643312 0.243949 0.082803 0.057325
0 0.529936 0.202548 0.087898 0.053503
0 0.711465 0.303185 0.081529 0.071338
0 0.638854 0.363694 0.112102 0.075159
0 0.562420 0.394904 0.168153 0.168153
0 0.441401 0.691083 0.216561 0.230573
0 0.655414 0.560510 0.132484 0.155414
0 0.723567 0.431847 0.090446 0.084076
1 0.829936 0.585350 0.107006 0.141401
0 0.775796 0.721019 0.118471 0.135032