1 0.483123 0.219770 0.205861 0.133531
1 0.362111 0.410330 0.125185 0.134458
1 0.302300 0.299981 0.107567 0.134458
0 0.404303 0.284217 0.103858 0.071402
0 0.220234 0.327800 0.054711 0.065838
0 0.265671 0.454377 0.080675 0.064911
0 0.438149 0.328264 0.067693 0.066766
0 0.303691 0.495642 0.065838 0.067693
0 0.513724 0.297663 0.085312 0.050074
0 0.630564 0.336610 0.046365 0.050074
0 0.586517 0.323164 0.058420 0.060274
0 0.549425 0.361647 0.134458 0.077893
0 0.463650 0.398275 0.098294 0.076966
0 0.461332 0.440004 0.078820 0.076966
0 0.590226 0.437222 0.073257 0.062129
0 0.656065 0.402448 0.095512 0.083457
0 0.743694 0.448813 0.076039 0.079748
0 0.485441 0.499815 0.099221 0.092730
0 0.373702 0.534125 0.109421 0.113131
0 0.470605 0.582344 0.075111 0.057493
0 0.574926 0.523461 0.077893 0.080675
0 0.618973 0.491469 0.071402 0.070475
0 0.571680 0.573535 0.099221 0.036165
0 0.689447 0.537370 0.108494 0.106639