0 0.289128 0.153503 0.046672 0.217834
0 0.407081 0.259873 0.116255 0.170701
0 0.314161 0.289172 0.064492 0.089172
0 0.250518 0.466242 0.056006 0.096815
0 0.466057 0.417197 0.072978 0.110828
0 0.782152 0.303185 0.082312 0.152866
0 0.619225 0.462420 0.143410 0.180892
0 0.705780 0.540764 0.078918 0.092994
0 0.761786 0.422293 0.134924 0.151592
0 0.628135 0.297452 0.137470 0.179618
0 0.398595 0.421019 0.140015 0.197452
4 0.235243 0.575796 0.033943 0.129936
4 0.295068 0.610828 0.041580 0.115924
4 0.343013 0.556051 0.047520 0.085350
4 0.378653 0.639490 0.067886 0.107006
4 0.456722 0.636306 0.078069 0.103185
4 0.402413 0.542038 0.072978 0.110828
0 0.612012 0.629299 0.142561 0.178344