0 0.207715 0.261869 0.053412 0.057864
0 0.232196 0.288576 0.063798 0.078635
0 0.296736 0.292285 0.074184 0.080119
0 0.386499 0.328635 0.090504 0.090504
0 0.393175 0.243323 0.083086 0.077151
0 0.479228 0.306380 0.077151 0.075668
0 0.539318 0.342730 0.078635 0.077151
0 0.659496 0.329377 0.078635 0.077151
0 0.586053 0.298220 0.074184 0.071217
0 0.595697 0.242582 0.081602 0.069733
0 0.748516 0.234421 0.081602 0.094955
0 0.664688 0.182493 0.071217 0.071217
0 0.612760 0.126855 0.068249 0.066766
0 0.529674 0.186944 0.071217 0.071217
0 0.448071 0.195104 0.077151 0.066766
0 0.281157 0.178042 0.066766 0.056380
0 0.344214 0.160237 0.080119 0.071217
0 0.431751 0.150593 0.086053 0.069733
0 0.465134 0.099407 0.069733 0.050445
1 0.259644 0.219585 0.083086 0.065282
1 0.339021 0.221810 0.075668 0.081602
1 0.409496 0.104599 0.065282 0.054896
1 0.343472 0.129080 0.066766 0.038576
1 0.500000 0.254451 0.091988 0.078635
1 0.700297 0.272997 0.083086 0.083086
1 0.537834 0.101632 0.078635 0.045994
1 0.522997 0.142186 0.092318 0.078305
1 0.612018 0.188345 0.067590 0.068414
1 0.675898 0.154138 0.083251 0.052753