0 0.745125 0.192994 0.216474 0.174522
0 0.560485 0.215287 0.216474 0.173248
0 0.349582 0.300637 0.195782 0.147771
0 0.436331 0.529299 0.219658 0.141401
0 0.829486 0.401911 0.191007 0.143949
4 0.160168 0.203822 0.103462 0.104459
4 0.461799 0.108917 0.082769 0.087898
4 0.835057 0.289809 0.113012 0.108280
4 0.601074 0.294904 0.052527 0.095541
1 0.291485 0.480892 0.187823 0.141401
1 0.208715 0.323567 0.181456 0.150318
1 0.439515 0.407643 0.206924 0.137580
1 0.648030 0.423567 0.168722 0.151592
1 0.722841 0.334395 0.162356 0.118471
1 0.410864 0.231847 0.155989 0.119745
0 0.558894 0.363694 0.133705 0.138854