0 0.327888 0.131847 0.202710 0.123567
0 0.428287 0.383439 0.338487 0.211465
0 0.231314 0.570064 0.277292 0.202548
0 0.783985 0.297452 0.166375 0.126115
0 0.733307 0.410191 0.175937 0.127389
0 0.574582 0.532484 0.256256 0.185987
0 0.415856 0.645860 0.168287 0.119745
4 0.224621 0.350955 0.045897 0.029299
4 0.570757 0.123567 0.049721 0.045860
4 0.172031 0.340764 0.043984 0.039490
4 0.193067 0.382803 0.040159 0.034395
4 0.638646 0.184713 0.036335 0.025478
4 0.532510 0.177707 0.061195 0.029299
4 0.459841 0.128025 0.049721 0.034395
4 0.518167 0.135032 0.051634 0.040764