1 0.247569 0.276433 0.118566 0.081529
1 0.469402 0.314013 0.168287 0.070064
1 0.761037 0.287898 0.116654 0.096815
0 0.109879 0.363057 0.114741 0.091720
0 0.214103 0.358599 0.093705 0.070064
0 0.629084 0.377707 0.082231 0.049682
0 0.596574 0.274522 0.116654 0.062420
0 0.534422 0.226752 0.099442 0.040764
0 0.378565 0.268153 0.093705 0.049682
0 0.451235 0.366242 0.109004 0.070064
0 0.375697 0.385350 0.053546 0.052229
0 0.390996 0.454140 0.080319 0.057325
0 0.241832 0.500000 0.110917 0.052229
3 0.774423 0.409554 0.193148 0.146497
3 0.307808 0.391720 0.219921 0.184713
3 0.486614 0.203822 0.175937 0.053503
1 0.456016 0.257962 0.130040 0.059873
1 0.467490 0.440764 0.114741 0.078981